INSPECT: 5,1,3; 4,3,2; 6,2,1; 

ADD: 5,1,3; 4,3,2; 6,2,1; 

INSPECT: 4,1,5; 2,5,3; 6,3,1; 

FROM LIST: [5, 1, 3, 4, 3, 2, 6, 2, 1]EQ WITH: [4, 1, 5, 2, 5, 3, 6, 3, 1]
FROM LIST: [5, 1, 3, 4, 3, 2, 6, 2, 1]EQ WITH: [6, 3, 1, 4, 1, 5, 2, 5, 3]
FROM LIST: [5, 1, 3, 4, 3, 2, 6, 2, 1]EQ WITH: [2, 5, 3, 6, 3, 1, 4, 1, 5]
ADD: 4,1,5; 2,5,3; 6,3,1; 

INSPECT: 4,2,3; 5,3,1; 6,1,2; 

FROM LIST: [5, 1, 3, 4, 3, 2, 6, 2, 1]EQ WITH: [4, 2, 3, 5, 3, 1, 6, 1, 2]
FROM LIST: [5, 1, 3, 4, 3, 2, 6, 2, 1]EQ WITH: [6, 1, 2, 4, 2, 3, 5, 3, 1]
FROM LIST: [5, 1, 3, 4, 3, 2, 6, 2, 1]EQ WITH: [5, 3, 1, 6, 1, 2, 4, 2, 3]
FROM LIST: [4, 1, 5, 2, 5, 3, 6, 3, 1]EQ WITH: [4, 2, 3, 5, 3, 1, 6, 1, 2]
FROM LIST: [4, 1, 5, 2, 5, 3, 6, 3, 1]EQ WITH: [6, 1, 2, 4, 2, 3, 5, 3, 1]
FROM LIST: [4, 1, 5, 2, 5, 3, 6, 3, 1]EQ WITH: [5, 3, 1, 6, 1, 2, 4, 2, 3]
ADD: 4,2,3; 5,3,1; 6,1,2; 

INSPECT: 2,3,5; 4,5,1; 6,1,3; 

FROM LIST: [5, 1, 3, 4, 3, 2, 6, 2, 1]EQ WITH: [2, 3, 5, 4, 5, 1, 6, 1, 3]
FROM LIST: [5, 1, 3, 4, 3, 2, 6, 2, 1]EQ WITH: [6, 1, 3, 2, 3, 5, 4, 5, 1]
FROM LIST: [5, 1, 3, 4, 3, 2, 6, 2, 1]EQ WITH: [4, 5, 1, 6, 1, 3, 2, 3, 5]
FROM LIST: [4, 1, 5, 2, 5, 3, 6, 3, 1]EQ WITH: [2, 3, 5, 4, 5, 1, 6, 1, 3]
FROM LIST: [4, 1, 5, 2, 5, 3, 6, 3, 1]EQ WITH: [6, 1, 3, 2, 3, 5, 4, 5, 1]
FROM LIST: [4, 1, 5, 2, 5, 3, 6, 3, 1]EQ WITH: [4, 5, 1, 6, 1, 3, 2, 3, 5]
FROM LIST: [4, 2, 3, 5, 3, 1, 6, 1, 2]EQ WITH: [2, 3, 5, 4, 5, 1, 6, 1, 3]
FROM LIST: [4, 2, 3, 5, 3, 1, 6, 1, 2]EQ WITH: [6, 1, 3, 2, 3, 5, 4, 5, 1]
FROM LIST: [4, 2, 3, 5, 3, 1, 6, 1, 2]EQ WITH: [4, 5, 1, 6, 1, 3, 2, 3, 5]
ADD: 2,3,5; 4,5,1; 6,1,3; 

INSPECT: 4,3,2; 6,2,1; 5,1,3; 

FROM LIST: [5, 1, 3, 4, 3, 2, 6, 2, 1]EQ WITH: [4, 3, 2, 6, 2, 1, 5, 1, 3]
FROM LIST: [5, 1, 3, 4, 3, 2, 6, 2, 1]EQ WITH: [5, 1, 3, 4, 3, 2, 6, 2, 1]
FROM LIST: [5, 1, 3, 4, 3, 2, 6, 2, 1]EQ WITH: [6, 2, 1, 5, 1, 3, 4, 3, 2]
FROM LIST: [4, 1, 5, 2, 5, 3, 6, 3, 1]EQ WITH: [4, 3, 2, 6, 2, 1, 5, 1, 3]
FROM LIST: [4, 1, 5, 2, 5, 3, 6, 3, 1]EQ WITH: [5, 1, 3, 4, 3, 2, 6, 2, 1]
FROM LIST: [4, 1, 5, 2, 5, 3, 6, 3, 1]EQ WITH: [6, 2, 1, 5, 1, 3, 4, 3, 2]
FROM LIST: [4, 2, 3, 5, 3, 1, 6, 1, 2]EQ WITH: [4, 3, 2, 6, 2, 1, 5, 1, 3]
FROM LIST: [4, 2, 3, 5, 3, 1, 6, 1, 2]EQ WITH: [5, 1, 3, 4, 3, 2, 6, 2, 1]
FROM LIST: [4, 2, 3, 5, 3, 1, 6, 1, 2]EQ WITH: [6, 2, 1, 5, 1, 3, 4, 3, 2]
FROM LIST: [2, 3, 5, 4, 5, 1, 6, 1, 3]EQ WITH: [4, 3, 2, 6, 2, 1, 5, 1, 3]
FROM LIST: [2, 3, 5, 4, 5, 1, 6, 1, 3]EQ WITH: [5, 1, 3, 4, 3, 2, 6, 2, 1]
FROM LIST: [2, 3, 5, 4, 5, 1, 6, 1, 3]EQ WITH: [6, 2, 1, 5, 1, 3, 4, 3, 2]
INSPECT: 1,4,6; 3,6,2; 5,2,4; 

FROM LIST: [5, 1, 3, 4, 3, 2, 6, 2, 1]EQ WITH: [1, 4, 6, 3, 6, 2, 5, 2, 4]
FROM LIST: [5, 1, 3, 4, 3, 2, 6, 2, 1]EQ WITH: [5, 2, 4, 1, 4, 6, 3, 6, 2]
FROM LIST: [5, 1, 3, 4, 3, 2, 6, 2, 1]EQ WITH: [3, 6, 2, 5, 2, 4, 1, 4, 6]
FROM LIST: [4, 1, 5, 2, 5, 3, 6, 3, 1]EQ WITH: [1, 4, 6, 3, 6, 2, 5, 2, 4]
FROM LIST: [4, 1, 5, 2, 5, 3, 6, 3, 1]EQ WITH: [5, 2, 4, 1, 4, 6, 3, 6, 2]
FROM LIST: [4, 1, 5, 2, 5, 3, 6, 3, 1]EQ WITH: [3, 6, 2, 5, 2, 4, 1, 4, 6]
FROM LIST: [4, 2, 3, 5, 3, 1, 6, 1, 2]EQ WITH: [1, 4, 6, 3, 6, 2, 5, 2, 4]
FROM LIST: [4, 2, 3, 5, 3, 1, 6, 1, 2]EQ WITH: [5, 2, 4, 1, 4, 6, 3, 6, 2]
FROM LIST: [4, 2, 3, 5, 3, 1, 6, 1, 2]EQ WITH: [3, 6, 2, 5, 2, 4, 1, 4, 6]
FROM LIST: [2, 3, 5, 4, 5, 1, 6, 1, 3]EQ WITH: [1, 4, 6, 3, 6, 2, 5, 2, 4]
FROM LIST: [2, 3, 5, 4, 5, 1, 6, 1, 3]EQ WITH: [5, 2, 4, 1, 4, 6, 3, 6, 2]
FROM LIST: [2, 3, 5, 4, 5, 1, 6, 1, 3]EQ WITH: [3, 6, 2, 5, 2, 4, 1, 4, 6]
ADD: 1,4,6; 3,6,2; 5,2,4; 

INSPECT: 6,1,2; 4,2,3; 5,3,1; 

FROM LIST: [5, 1, 3, 4, 3, 2, 6, 2, 1]EQ WITH: [6, 1, 2, 4, 2, 3, 5, 3, 1]
FROM LIST: [5, 1, 3, 4, 3, 2, 6, 2, 1]EQ WITH: [5, 3, 1, 6, 1, 2, 4, 2, 3]
FROM LIST: [5, 1, 3, 4, 3, 2, 6, 2, 1]EQ WITH: [4, 2, 3, 5, 3, 1, 6, 1, 2]
FROM LIST: [4, 1, 5, 2, 5, 3, 6, 3, 1]EQ WITH: [6, 1, 2, 4, 2, 3, 5, 3, 1]
FROM LIST: [4, 1, 5, 2, 5, 3, 6, 3, 1]EQ WITH: [5, 3, 1, 6, 1, 2, 4, 2, 3]
FROM LIST: [4, 1, 5, 2, 5, 3, 6, 3, 1]EQ WITH: [4, 2, 3, 5, 3, 1, 6, 1, 2]
FROM LIST: [4, 2, 3, 5, 3, 1, 6, 1, 2]EQ WITH: [6, 1, 2, 4, 2, 3, 5, 3, 1]
FROM LIST: [4, 2, 3, 5, 3, 1, 6, 1, 2]EQ WITH: [5, 3, 1, 6, 1, 2, 4, 2, 3]
FROM LIST: [4, 2, 3, 5, 3, 1, 6, 1, 2]EQ WITH: [4, 2, 3, 5, 3, 1, 6, 1, 2]
FROM LIST: [2, 3, 5, 4, 5, 1, 6, 1, 3]EQ WITH: [6, 1, 2, 4, 2, 3, 5, 3, 1]
FROM LIST: [2, 3, 5, 4, 5, 1, 6, 1, 3]EQ WITH: [5, 3, 1, 6, 1, 2, 4, 2, 3]
FROM LIST: [2, 3, 5, 4, 5, 1, 6, 1, 3]EQ WITH: [4, 2, 3, 5, 3, 1, 6, 1, 2]
FROM LIST: [1, 4, 6, 3, 6, 2, 5, 2, 4]EQ WITH: [6, 1, 2, 4, 2, 3, 5, 3, 1]
FROM LIST: [1, 4, 6, 3, 6, 2, 5, 2, 4]EQ WITH: [5, 3, 1, 6, 1, 2, 4, 2, 3]
FROM LIST: [1, 4, 6, 3, 6, 2, 5, 2, 4]EQ WITH: [4, 2, 3, 5, 3, 1, 6, 1, 2]
INSPECT: 3,2,6; 1,6,4; 5,4,2; 

FROM LIST: [5, 1, 3, 4, 3, 2, 6, 2, 1]EQ WITH: [3, 2, 6, 1, 6, 4, 5, 4, 2]
FROM LIST: [5, 1, 3, 4, 3, 2, 6, 2, 1]EQ WITH: [5, 4, 2, 3, 2, 6, 1, 6, 4]
FROM LIST: [5, 1, 3, 4, 3, 2, 6, 2, 1]EQ WITH: [1, 6, 4, 5, 4, 2, 3, 2, 6]
FROM LIST: [4, 1, 5, 2, 5, 3, 6, 3, 1]EQ WITH: [3, 2, 6, 1, 6, 4, 5, 4, 2]
FROM LIST: [4, 1, 5, 2, 5, 3, 6, 3, 1]EQ WITH: [5, 4, 2, 3, 2, 6, 1, 6, 4]
FROM LIST: [4, 1, 5, 2, 5, 3, 6, 3, 1]EQ WITH: [1, 6, 4, 5, 4, 2, 3, 2, 6]
FROM LIST: [4, 2, 3, 5, 3, 1, 6, 1, 2]EQ WITH: [3, 2, 6, 1, 6, 4, 5, 4, 2]
FROM LIST: [4, 2, 3, 5, 3, 1, 6, 1, 2]EQ WITH: [5, 4, 2, 3, 2, 6, 1, 6, 4]
FROM LIST: [4, 2, 3, 5, 3, 1, 6, 1, 2]EQ WITH: [1, 6, 4, 5, 4, 2, 3, 2, 6]
FROM LIST: [2, 3, 5, 4, 5, 1, 6, 1, 3]EQ WITH: [3, 2, 6, 1, 6, 4, 5, 4, 2]
FROM LIST: [2, 3, 5, 4, 5, 1, 6, 1, 3]EQ WITH: [5, 4, 2, 3, 2, 6, 1, 6, 4]
FROM LIST: [2, 3, 5, 4, 5, 1, 6, 1, 3]EQ WITH: [1, 6, 4, 5, 4, 2, 3, 2, 6]
FROM LIST: [1, 4, 6, 3, 6, 2, 5, 2, 4]EQ WITH: [3, 2, 6, 1, 6, 4, 5, 4, 2]
FROM LIST: [1, 4, 6, 3, 6, 2, 5, 2, 4]EQ WITH: [5, 4, 2, 3, 2, 6, 1, 6, 4]
FROM LIST: [1, 4, 6, 3, 6, 2, 5, 2, 4]EQ WITH: [1, 6, 4, 5, 4, 2, 3, 2, 6]
ADD: 3,2,6; 1,6,4; 5,4,2; 

INSPECT: 3,4,5; 1,5,6; 2,6,4; 

FROM LIST: [5, 1, 3, 4, 3, 2, 6, 2, 1]EQ WITH: [3, 4, 5, 1, 5, 6, 2, 6, 4]
FROM LIST: [5, 1, 3, 4, 3, 2, 6, 2, 1]EQ WITH: [2, 6, 4, 3, 4, 5, 1, 5, 6]
FROM LIST: [5, 1, 3, 4, 3, 2, 6, 2, 1]EQ WITH: [1, 5, 6, 2, 6, 4, 3, 4, 5]
FROM LIST: [4, 1, 5, 2, 5, 3, 6, 3, 1]EQ WITH: [3, 4, 5, 1, 5, 6, 2, 6, 4]
FROM LIST: [4, 1, 5, 2, 5, 3, 6, 3, 1]EQ WITH: [2, 6, 4, 3, 4, 5, 1, 5, 6]
FROM LIST: [4, 1, 5, 2, 5, 3, 6, 3, 1]EQ WITH: [1, 5, 6, 2, 6, 4, 3, 4, 5]
FROM LIST: [4, 2, 3, 5, 3, 1, 6, 1, 2]EQ WITH: [3, 4, 5, 1, 5, 6, 2, 6, 4]
FROM LIST: [4, 2, 3, 5, 3, 1, 6, 1, 2]EQ WITH: [2, 6, 4, 3, 4, 5, 1, 5, 6]
FROM LIST: [4, 2, 3, 5, 3, 1, 6, 1, 2]EQ WITH: [1, 5, 6, 2, 6, 4, 3, 4, 5]
FROM LIST: [2, 3, 5, 4, 5, 1, 6, 1, 3]EQ WITH: [3, 4, 5, 1, 5, 6, 2, 6, 4]
FROM LIST: [2, 3, 5, 4, 5, 1, 6, 1, 3]EQ WITH: [2, 6, 4, 3, 4, 5, 1, 5, 6]
FROM LIST: [2, 3, 5, 4, 5, 1, 6, 1, 3]EQ WITH: [1, 5, 6, 2, 6, 4, 3, 4, 5]
FROM LIST: [1, 4, 6, 3, 6, 2, 5, 2, 4]EQ WITH: [3, 4, 5, 1, 5, 6, 2, 6, 4]
FROM LIST: [1, 4, 6, 3, 6, 2, 5, 2, 4]EQ WITH: [2, 6, 4, 3, 4, 5, 1, 5, 6]
FROM LIST: [1, 4, 6, 3, 6, 2, 5, 2, 4]EQ WITH: [1, 5, 6, 2, 6, 4, 3, 4, 5]
FROM LIST: [3, 2, 6, 1, 6, 4, 5, 4, 2]EQ WITH: [3, 4, 5, 1, 5, 6, 2, 6, 4]
FROM LIST: [3, 2, 6, 1, 6, 4, 5, 4, 2]EQ WITH: [2, 6, 4, 3, 4, 5, 1, 5, 6]
FROM LIST: [3, 2, 6, 1, 6, 4, 5, 4, 2]EQ WITH: [1, 5, 6, 2, 6, 4, 3, 4, 5]
ADD: 3,4,5; 1,5,6; 2,6,4; 

INSPECT: 6,3,1; 4,1,5; 2,5,3; 

FROM LIST: [5, 1, 3, 4, 3, 2, 6, 2, 1]EQ WITH: [6, 3, 1, 4, 1, 5, 2, 5, 3]
FROM LIST: [5, 1, 3, 4, 3, 2, 6, 2, 1]EQ WITH: [2, 5, 3, 6, 3, 1, 4, 1, 5]
FROM LIST: [5, 1, 3, 4, 3, 2, 6, 2, 1]EQ WITH: [4, 1, 5, 2, 5, 3, 6, 3, 1]
FROM LIST: [4, 1, 5, 2, 5, 3, 6, 3, 1]EQ WITH: [6, 3, 1, 4, 1, 5, 2, 5, 3]
FROM LIST: [4, 1, 5, 2, 5, 3, 6, 3, 1]EQ WITH: [2, 5, 3, 6, 3, 1, 4, 1, 5]
FROM LIST: [4, 1, 5, 2, 5, 3, 6, 3, 1]EQ WITH: [4, 1, 5, 2, 5, 3, 6, 3, 1]
FROM LIST: [4, 2, 3, 5, 3, 1, 6, 1, 2]EQ WITH: [6, 3, 1, 4, 1, 5, 2, 5, 3]
FROM LIST: [4, 2, 3, 5, 3, 1, 6, 1, 2]EQ WITH: [2, 5, 3, 6, 3, 1, 4, 1, 5]
FROM LIST: [4, 2, 3, 5, 3, 1, 6, 1, 2]EQ WITH: [4, 1, 5, 2, 5, 3, 6, 3, 1]
FROM LIST: [2, 3, 5, 4, 5, 1, 6, 1, 3]EQ WITH: [6, 3, 1, 4, 1, 5, 2, 5, 3]
FROM LIST: [2, 3, 5, 4, 5, 1, 6, 1, 3]EQ WITH: [2, 5, 3, 6, 3, 1, 4, 1, 5]
FROM LIST: [2, 3, 5, 4, 5, 1, 6, 1, 3]EQ WITH: [4, 1, 5, 2, 5, 3, 6, 3, 1]
FROM LIST: [1, 4, 6, 3, 6, 2, 5, 2, 4]EQ WITH: [6, 3, 1, 4, 1, 5, 2, 5, 3]
FROM LIST: [1, 4, 6, 3, 6, 2, 5, 2, 4]EQ WITH: [2, 5, 3, 6, 3, 1, 4, 1, 5]
FROM LIST: [1, 4, 6, 3, 6, 2, 5, 2, 4]EQ WITH: [4, 1, 5, 2, 5, 3, 6, 3, 1]
FROM LIST: [3, 2, 6, 1, 6, 4, 5, 4, 2]EQ WITH: [6, 3, 1, 4, 1, 5, 2, 5, 3]
FROM LIST: [3, 2, 6, 1, 6, 4, 5, 4, 2]EQ WITH: [2, 5, 3, 6, 3, 1, 4, 1, 5]
FROM LIST: [3, 2, 6, 1, 6, 4, 5, 4, 2]EQ WITH: [4, 1, 5, 2, 5, 3, 6, 3, 1]
FROM LIST: [3, 4, 5, 1, 5, 6, 2, 6, 4]EQ WITH: [6, 3, 1, 4, 1, 5, 2, 5, 3]
FROM LIST: [3, 4, 5, 1, 5, 6, 2, 6, 4]EQ WITH: [2, 5, 3, 6, 3, 1, 4, 1, 5]
FROM LIST: [3, 4, 5, 1, 5, 6, 2, 6, 4]EQ WITH: [4, 1, 5, 2, 5, 3, 6, 3, 1]
INSPECT: 4,5,1; 6,1,3; 2,3,5; 

FROM LIST: [5, 1, 3, 4, 3, 2, 6, 2, 1]EQ WITH: [4, 5, 1, 6, 1, 3, 2, 3, 5]
FROM LIST: [5, 1, 3, 4, 3, 2, 6, 2, 1]EQ WITH: [2, 3, 5, 4, 5, 1, 6, 1, 3]
FROM LIST: [5, 1, 3, 4, 3, 2, 6, 2, 1]EQ WITH: [6, 1, 3, 2, 3, 5, 4, 5, 1]
FROM LIST: [4, 1, 5, 2, 5, 3, 6, 3, 1]EQ WITH: [4, 5, 1, 6, 1, 3, 2, 3, 5]
FROM LIST: [4, 1, 5, 2, 5, 3, 6, 3, 1]EQ WITH: [2, 3, 5, 4, 5, 1, 6, 1, 3]
FROM LIST: [4, 1, 5, 2, 5, 3, 6, 3, 1]EQ WITH: [6, 1, 3, 2, 3, 5, 4, 5, 1]
FROM LIST: [4, 2, 3, 5, 3, 1, 6, 1, 2]EQ WITH: [4, 5, 1, 6, 1, 3, 2, 3, 5]
FROM LIST: [4, 2, 3, 5, 3, 1, 6, 1, 2]EQ WITH: [2, 3, 5, 4, 5, 1, 6, 1, 3]
FROM LIST: [4, 2, 3, 5, 3, 1, 6, 1, 2]EQ WITH: [6, 1, 3, 2, 3, 5, 4, 5, 1]
FROM LIST: [2, 3, 5, 4, 5, 1, 6, 1, 3]EQ WITH: [4, 5, 1, 6, 1, 3, 2, 3, 5]
FROM LIST: [2, 3, 5, 4, 5, 1, 6, 1, 3]EQ WITH: [2, 3, 5, 4, 5, 1, 6, 1, 3]
FROM LIST: [2, 3, 5, 4, 5, 1, 6, 1, 3]EQ WITH: [6, 1, 3, 2, 3, 5, 4, 5, 1]
FROM LIST: [1, 4, 6, 3, 6, 2, 5, 2, 4]EQ WITH: [4, 5, 1, 6, 1, 3, 2, 3, 5]
FROM LIST: [1, 4, 6, 3, 6, 2, 5, 2, 4]EQ WITH: [2, 3, 5, 4, 5, 1, 6, 1, 3]
FROM LIST: [1, 4, 6, 3, 6, 2, 5, 2, 4]EQ WITH: [6, 1, 3, 2, 3, 5, 4, 5, 1]
FROM LIST: [3, 2, 6, 1, 6, 4, 5, 4, 2]EQ WITH: [4, 5, 1, 6, 1, 3, 2, 3, 5]
FROM LIST: [3, 2, 6, 1, 6, 4, 5, 4, 2]EQ WITH: [2, 3, 5, 4, 5, 1, 6, 1, 3]
FROM LIST: [3, 2, 6, 1, 6, 4, 5, 4, 2]EQ WITH: [6, 1, 3, 2, 3, 5, 4, 5, 1]
FROM LIST: [3, 4, 5, 1, 5, 6, 2, 6, 4]EQ WITH: [4, 5, 1, 6, 1, 3, 2, 3, 5]
FROM LIST: [3, 4, 5, 1, 5, 6, 2, 6, 4]EQ WITH: [2, 3, 5, 4, 5, 1, 6, 1, 3]
FROM LIST: [3, 4, 5, 1, 5, 6, 2, 6, 4]EQ WITH: [6, 1, 3, 2, 3, 5, 4, 5, 1]
INSPECT: 1,6,5; 3,5,4; 2,4,6; 

FROM LIST: [5, 1, 3, 4, 3, 2, 6, 2, 1]EQ WITH: [1, 6, 5, 3, 5, 4, 2, 4, 6]
FROM LIST: [5, 1, 3, 4, 3, 2, 6, 2, 1]EQ WITH: [2, 4, 6, 1, 6, 5, 3, 5, 4]
FROM LIST: [5, 1, 3, 4, 3, 2, 6, 2, 1]EQ WITH: [3, 5, 4, 2, 4, 6, 1, 6, 5]
FROM LIST: [4, 1, 5, 2, 5, 3, 6, 3, 1]EQ WITH: [1, 6, 5, 3, 5, 4, 2, 4, 6]
FROM LIST: [4, 1, 5, 2, 5, 3, 6, 3, 1]EQ WITH: [2, 4, 6, 1, 6, 5, 3, 5, 4]
FROM LIST: [4, 1, 5, 2, 5, 3, 6, 3, 1]EQ WITH: [3, 5, 4, 2, 4, 6, 1, 6, 5]
FROM LIST: [4, 2, 3, 5, 3, 1, 6, 1, 2]EQ WITH: [1, 6, 5, 3, 5, 4, 2, 4, 6]
FROM LIST: [4, 2, 3, 5, 3, 1, 6, 1, 2]EQ WITH: [2, 4, 6, 1, 6, 5, 3, 5, 4]
FROM LIST: [4, 2, 3, 5, 3, 1, 6, 1, 2]EQ WITH: [3, 5, 4, 2, 4, 6, 1, 6, 5]
FROM LIST: [2, 3, 5, 4, 5, 1, 6, 1, 3]EQ WITH: [1, 6, 5, 3, 5, 4, 2, 4, 6]
FROM LIST: [2, 3, 5, 4, 5, 1, 6, 1, 3]EQ WITH: [2, 4, 6, 1, 6, 5, 3, 5, 4]
FROM LIST: [2, 3, 5, 4, 5, 1, 6, 1, 3]EQ WITH: [3, 5, 4, 2, 4, 6, 1, 6, 5]
FROM LIST: [1, 4, 6, 3, 6, 2, 5, 2, 4]EQ WITH: [1, 6, 5, 3, 5, 4, 2, 4, 6]
FROM LIST: [1, 4, 6, 3, 6, 2, 5, 2, 4]EQ WITH: [2, 4, 6, 1, 6, 5, 3, 5, 4]
FROM LIST: [1, 4, 6, 3, 6, 2, 5, 2, 4]EQ WITH: [3, 5, 4, 2, 4, 6, 1, 6, 5]
FROM LIST: [3, 2, 6, 1, 6, 4, 5, 4, 2]EQ WITH: [1, 6, 5, 3, 5, 4, 2, 4, 6]
FROM LIST: [3, 2, 6, 1, 6, 4, 5, 4, 2]EQ WITH: [2, 4, 6, 1, 6, 5, 3, 5, 4]
FROM LIST: [3, 2, 6, 1, 6, 4, 5, 4, 2]EQ WITH: [3, 5, 4, 2, 4, 6, 1, 6, 5]
FROM LIST: [3, 4, 5, 1, 5, 6, 2, 6, 4]EQ WITH: [1, 6, 5, 3, 5, 4, 2, 4, 6]
FROM LIST: [3, 4, 5, 1, 5, 6, 2, 6, 4]EQ WITH: [2, 4, 6, 1, 6, 5, 3, 5, 4]
FROM LIST: [3, 4, 5, 1, 5, 6, 2, 6, 4]EQ WITH: [3, 5, 4, 2, 4, 6, 1, 6, 5]
ADD: 1,6,5; 3,5,4; 2,4,6; 

INSPECT: 2,4,6; 1,6,5; 3,5,4; 

FROM LIST: [5, 1, 3, 4, 3, 2, 6, 2, 1]EQ WITH: [2, 4, 6, 1, 6, 5, 3, 5, 4]
FROM LIST: [5, 1, 3, 4, 3, 2, 6, 2, 1]EQ WITH: [3, 5, 4, 2, 4, 6, 1, 6, 5]
FROM LIST: [5, 1, 3, 4, 3, 2, 6, 2, 1]EQ WITH: [1, 6, 5, 3, 5, 4, 2, 4, 6]
FROM LIST: [4, 1, 5, 2, 5, 3, 6, 3, 1]EQ WITH: [2, 4, 6, 1, 6, 5, 3, 5, 4]
FROM LIST: [4, 1, 5, 2, 5, 3, 6, 3, 1]EQ WITH: [3, 5, 4, 2, 4, 6, 1, 6, 5]
FROM LIST: [4, 1, 5, 2, 5, 3, 6, 3, 1]EQ WITH: [1, 6, 5, 3, 5, 4, 2, 4, 6]
FROM LIST: [4, 2, 3, 5, 3, 1, 6, 1, 2]EQ WITH: [2, 4, 6, 1, 6, 5, 3, 5, 4]
FROM LIST: [4, 2, 3, 5, 3, 1, 6, 1, 2]EQ WITH: [3, 5, 4, 2, 4, 6, 1, 6, 5]
FROM LIST: [4, 2, 3, 5, 3, 1, 6, 1, 2]EQ WITH: [1, 6, 5, 3, 5, 4, 2, 4, 6]
FROM LIST: [2, 3, 5, 4, 5, 1, 6, 1, 3]EQ WITH: [2, 4, 6, 1, 6, 5, 3, 5, 4]
FROM LIST: [2, 3, 5, 4, 5, 1, 6, 1, 3]EQ WITH: [3, 5, 4, 2, 4, 6, 1, 6, 5]
FROM LIST: [2, 3, 5, 4, 5, 1, 6, 1, 3]EQ WITH: [1, 6, 5, 3, 5, 4, 2, 4, 6]
FROM LIST: [1, 4, 6, 3, 6, 2, 5, 2, 4]EQ WITH: [2, 4, 6, 1, 6, 5, 3, 5, 4]
FROM LIST: [1, 4, 6, 3, 6, 2, 5, 2, 4]EQ WITH: [3, 5, 4, 2, 4, 6, 1, 6, 5]
FROM LIST: [1, 4, 6, 3, 6, 2, 5, 2, 4]EQ WITH: [1, 6, 5, 3, 5, 4, 2, 4, 6]
FROM LIST: [3, 2, 6, 1, 6, 4, 5, 4, 2]EQ WITH: [2, 4, 6, 1, 6, 5, 3, 5, 4]
FROM LIST: [3, 2, 6, 1, 6, 4, 5, 4, 2]EQ WITH: [3, 5, 4, 2, 4, 6, 1, 6, 5]
FROM LIST: [3, 2, 6, 1, 6, 4, 5, 4, 2]EQ WITH: [1, 6, 5, 3, 5, 4, 2, 4, 6]
FROM LIST: [3, 4, 5, 1, 5, 6, 2, 6, 4]EQ WITH: [2, 4, 6, 1, 6, 5, 3, 5, 4]
FROM LIST: [3, 4, 5, 1, 5, 6, 2, 6, 4]EQ WITH: [3, 5, 4, 2, 4, 6, 1, 6, 5]
FROM LIST: [3, 4, 5, 1, 5, 6, 2, 6, 4]EQ WITH: [1, 6, 5, 3, 5, 4, 2, 4, 6]
FROM LIST: [1, 6, 5, 3, 5, 4, 2, 4, 6]EQ WITH: [2, 4, 6, 1, 6, 5, 3, 5, 4]
FROM LIST: [1, 6, 5, 3, 5, 4, 2, 4, 6]EQ WITH: [3, 5, 4, 2, 4, 6, 1, 6, 5]
FROM LIST: [1, 6, 5, 3, 5, 4, 2, 4, 6]EQ WITH: [1, 6, 5, 3, 5, 4, 2, 4, 6]
INSPECT: 1,6,4; 5,4,2; 3,2,6; 

FROM LIST: [5, 1, 3, 4, 3, 2, 6, 2, 1]EQ WITH: [1, 6, 4, 5, 4, 2, 3, 2, 6]
FROM LIST: [5, 1, 3, 4, 3, 2, 6, 2, 1]EQ WITH: [3, 2, 6, 1, 6, 4, 5, 4, 2]
FROM LIST: [5, 1, 3, 4, 3, 2, 6, 2, 1]EQ WITH: [5, 4, 2, 3, 2, 6, 1, 6, 4]
FROM LIST: [4, 1, 5, 2, 5, 3, 6, 3, 1]EQ WITH: [1, 6, 4, 5, 4, 2, 3, 2, 6]
FROM LIST: [4, 1, 5, 2, 5, 3, 6, 3, 1]EQ WITH: [3, 2, 6, 1, 6, 4, 5, 4, 2]
FROM LIST: [4, 1, 5, 2, 5, 3, 6, 3, 1]EQ WITH: [5, 4, 2, 3, 2, 6, 1, 6, 4]
FROM LIST: [4, 2, 3, 5, 3, 1, 6, 1, 2]EQ WITH: [1, 6, 4, 5, 4, 2, 3, 2, 6]
FROM LIST: [4, 2, 3, 5, 3, 1, 6, 1, 2]EQ WITH: [3, 2, 6, 1, 6, 4, 5, 4, 2]
FROM LIST: [4, 2, 3, 5, 3, 1, 6, 1, 2]EQ WITH: [5, 4, 2, 3, 2, 6, 1, 6, 4]
FROM LIST: [2, 3, 5, 4, 5, 1, 6, 1, 3]EQ WITH: [1, 6, 4, 5, 4, 2, 3, 2, 6]
FROM LIST: [2, 3, 5, 4, 5, 1, 6, 1, 3]EQ WITH: [3, 2, 6, 1, 6, 4, 5, 4, 2]
FROM LIST: [2, 3, 5, 4, 5, 1, 6, 1, 3]EQ WITH: [5, 4, 2, 3, 2, 6, 1, 6, 4]
FROM LIST: [1, 4, 6, 3, 6, 2, 5, 2, 4]EQ WITH: [1, 6, 4, 5, 4, 2, 3, 2, 6]
FROM LIST: [1, 4, 6, 3, 6, 2, 5, 2, 4]EQ WITH: [3, 2, 6, 1, 6, 4, 5, 4, 2]
FROM LIST: [1, 4, 6, 3, 6, 2, 5, 2, 4]EQ WITH: [5, 4, 2, 3, 2, 6, 1, 6, 4]
FROM LIST: [3, 2, 6, 1, 6, 4, 5, 4, 2]EQ WITH: [1, 6, 4, 5, 4, 2, 3, 2, 6]
FROM LIST: [3, 2, 6, 1, 6, 4, 5, 4, 2]EQ WITH: [3, 2, 6, 1, 6, 4, 5, 4, 2]
FROM LIST: [3, 2, 6, 1, 6, 4, 5, 4, 2]EQ WITH: [5, 4, 2, 3, 2, 6, 1, 6, 4]
FROM LIST: [3, 4, 5, 1, 5, 6, 2, 6, 4]EQ WITH: [1, 6, 4, 5, 4, 2, 3, 2, 6]
FROM LIST: [3, 4, 5, 1, 5, 6, 2, 6, 4]EQ WITH: [3, 2, 6, 1, 6, 4, 5, 4, 2]
FROM LIST: [3, 4, 5, 1, 5, 6, 2, 6, 4]EQ WITH: [5, 4, 2, 3, 2, 6, 1, 6, 4]
FROM LIST: [1, 6, 5, 3, 5, 4, 2, 4, 6]EQ WITH: [1, 6, 4, 5, 4, 2, 3, 2, 6]
FROM LIST: [1, 6, 5, 3, 5, 4, 2, 4, 6]EQ WITH: [3, 2, 6, 1, 6, 4, 5, 4, 2]
FROM LIST: [1, 6, 5, 3, 5, 4, 2, 4, 6]EQ WITH: [5, 4, 2, 3, 2, 6, 1, 6, 4]
INSPECT: 1,5,6; 2,6,4; 3,4,5; 

FROM LIST: [5, 1, 3, 4, 3, 2, 6, 2, 1]EQ WITH: [1, 5, 6, 2, 6, 4, 3, 4, 5]
FROM LIST: [5, 1, 3, 4, 3, 2, 6, 2, 1]EQ WITH: [3, 4, 5, 1, 5, 6, 2, 6, 4]
FROM LIST: [5, 1, 3, 4, 3, 2, 6, 2, 1]EQ WITH: [2, 6, 4, 3, 4, 5, 1, 5, 6]
FROM LIST: [4, 1, 5, 2, 5, 3, 6, 3, 1]EQ WITH: [1, 5, 6, 2, 6, 4, 3, 4, 5]
FROM LIST: [4, 1, 5, 2, 5, 3, 6, 3, 1]EQ WITH: [3, 4, 5, 1, 5, 6, 2, 6, 4]
FROM LIST: [4, 1, 5, 2, 5, 3, 6, 3, 1]EQ WITH: [2, 6, 4, 3, 4, 5, 1, 5, 6]
FROM LIST: [4, 2, 3, 5, 3, 1, 6, 1, 2]EQ WITH: [1, 5, 6, 2, 6, 4, 3, 4, 5]
FROM LIST: [4, 2, 3, 5, 3, 1, 6, 1, 2]EQ WITH: [3, 4, 5, 1, 5, 6, 2, 6, 4]
FROM LIST: [4, 2, 3, 5, 3, 1, 6, 1, 2]EQ WITH: [2, 6, 4, 3, 4, 5, 1, 5, 6]
FROM LIST: [2, 3, 5, 4, 5, 1, 6, 1, 3]EQ WITH: [1, 5, 6, 2, 6, 4, 3, 4, 5]
FROM LIST: [2, 3, 5, 4, 5, 1, 6, 1, 3]EQ WITH: [3, 4, 5, 1, 5, 6, 2, 6, 4]
FROM LIST: [2, 3, 5, 4, 5, 1, 6, 1, 3]EQ WITH: [2, 6, 4, 3, 4, 5, 1, 5, 6]
FROM LIST: [1, 4, 6, 3, 6, 2, 5, 2, 4]EQ WITH: [1, 5, 6, 2, 6, 4, 3, 4, 5]
FROM LIST: [1, 4, 6, 3, 6, 2, 5, 2, 4]EQ WITH: [3, 4, 5, 1, 5, 6, 2, 6, 4]
FROM LIST: [1, 4, 6, 3, 6, 2, 5, 2, 4]EQ WITH: [2, 6, 4, 3, 4, 5, 1, 5, 6]
FROM LIST: [3, 2, 6, 1, 6, 4, 5, 4, 2]EQ WITH: [1, 5, 6, 2, 6, 4, 3, 4, 5]
FROM LIST: [3, 2, 6, 1, 6, 4, 5, 4, 2]EQ WITH: [3, 4, 5, 1, 5, 6, 2, 6, 4]
FROM LIST: [3, 2, 6, 1, 6, 4, 5, 4, 2]EQ WITH: [2, 6, 4, 3, 4, 5, 1, 5, 6]
FROM LIST: [3, 4, 5, 1, 5, 6, 2, 6, 4]EQ WITH: [1, 5, 6, 2, 6, 4, 3, 4, 5]
FROM LIST: [3, 4, 5, 1, 5, 6, 2, 6, 4]EQ WITH: [3, 4, 5, 1, 5, 6, 2, 6, 4]
FROM LIST: [3, 4, 5, 1, 5, 6, 2, 6, 4]EQ WITH: [2, 6, 4, 3, 4, 5, 1, 5, 6]
FROM LIST: [1, 6, 5, 3, 5, 4, 2, 4, 6]EQ WITH: [1, 5, 6, 2, 6, 4, 3, 4, 5]
FROM LIST: [1, 6, 5, 3, 5, 4, 2, 4, 6]EQ WITH: [3, 4, 5, 1, 5, 6, 2, 6, 4]
FROM LIST: [1, 6, 5, 3, 5, 4, 2, 4, 6]EQ WITH: [2, 6, 4, 3, 4, 5, 1, 5, 6]
INSPECT: 5,2,4; 1,4,6; 3,6,2; 

FROM LIST: [5, 1, 3, 4, 3, 2, 6, 2, 1]EQ WITH: [5, 2, 4, 1, 4, 6, 3, 6, 2]
FROM LIST: [5, 1, 3, 4, 3, 2, 6, 2, 1]EQ WITH: [3, 6, 2, 5, 2, 4, 1, 4, 6]
FROM LIST: [5, 1, 3, 4, 3, 2, 6, 2, 1]EQ WITH: [1, 4, 6, 3, 6, 2, 5, 2, 4]
FROM LIST: [4, 1, 5, 2, 5, 3, 6, 3, 1]EQ WITH: [5, 2, 4, 1, 4, 6, 3, 6, 2]
FROM LIST: [4, 1, 5, 2, 5, 3, 6, 3, 1]EQ WITH: [3, 6, 2, 5, 2, 4, 1, 4, 6]
FROM LIST: [4, 1, 5, 2, 5, 3, 6, 3, 1]EQ WITH: [1, 4, 6, 3, 6, 2, 5, 2, 4]
FROM LIST: [4, 2, 3, 5, 3, 1, 6, 1, 2]EQ WITH: [5, 2, 4, 1, 4, 6, 3, 6, 2]
FROM LIST: [4, 2, 3, 5, 3, 1, 6, 1, 2]EQ WITH: [3, 6, 2, 5, 2, 4, 1, 4, 6]
FROM LIST: [4, 2, 3, 5, 3, 1, 6, 1, 2]EQ WITH: [1, 4, 6, 3, 6, 2, 5, 2, 4]
FROM LIST: [2, 3, 5, 4, 5, 1, 6, 1, 3]EQ WITH: [5, 2, 4, 1, 4, 6, 3, 6, 2]
FROM LIST: [2, 3, 5, 4, 5, 1, 6, 1, 3]EQ WITH: [3, 6, 2, 5, 2, 4, 1, 4, 6]
FROM LIST: [2, 3, 5, 4, 5, 1, 6, 1, 3]EQ WITH: [1, 4, 6, 3, 6, 2, 5, 2, 4]
FROM LIST: [1, 4, 6, 3, 6, 2, 5, 2, 4]EQ WITH: [5, 2, 4, 1, 4, 6, 3, 6, 2]
FROM LIST: [1, 4, 6, 3, 6, 2, 5, 2, 4]EQ WITH: [3, 6, 2, 5, 2, 4, 1, 4, 6]
FROM LIST: [1, 4, 6, 3, 6, 2, 5, 2, 4]EQ WITH: [1, 4, 6, 3, 6, 2, 5, 2, 4]
FROM LIST: [3, 2, 6, 1, 6, 4, 5, 4, 2]EQ WITH: [5, 2, 4, 1, 4, 6, 3, 6, 2]
FROM LIST: [3, 2, 6, 1, 6, 4, 5, 4, 2]EQ WITH: [3, 6, 2, 5, 2, 4, 1, 4, 6]
FROM LIST: [3, 2, 6, 1, 6, 4, 5, 4, 2]EQ WITH: [1, 4, 6, 3, 6, 2, 5, 2, 4]
FROM LIST: [3, 4, 5, 1, 5, 6, 2, 6, 4]EQ WITH: [5, 2, 4, 1, 4, 6, 3, 6, 2]
FROM LIST: [3, 4, 5, 1, 5, 6, 2, 6, 4]EQ WITH: [3, 6, 2, 5, 2, 4, 1, 4, 6]
FROM LIST: [3, 4, 5, 1, 5, 6, 2, 6, 4]EQ WITH: [1, 4, 6, 3, 6, 2, 5, 2, 4]
FROM LIST: [1, 6, 5, 3, 5, 4, 2, 4, 6]EQ WITH: [5, 2, 4, 1, 4, 6, 3, 6, 2]
FROM LIST: [1, 6, 5, 3, 5, 4, 2, 4, 6]EQ WITH: [3, 6, 2, 5, 2, 4, 1, 4, 6]
FROM LIST: [1, 6, 5, 3, 5, 4, 2, 4, 6]EQ WITH: [1, 4, 6, 3, 6, 2, 5, 2, 4]
INSPECT: 6,1,3; 2,3,5; 4,5,1; 

FROM LIST: [5, 1, 3, 4, 3, 2, 6, 2, 1]EQ WITH: [6, 1, 3, 2, 3, 5, 4, 5, 1]
FROM LIST: [5, 1, 3, 4, 3, 2, 6, 2, 1]EQ WITH: [4, 5, 1, 6, 1, 3, 2, 3, 5]
FROM LIST: [5, 1, 3, 4, 3, 2, 6, 2, 1]EQ WITH: [2, 3, 5, 4, 5, 1, 6, 1, 3]
FROM LIST: [4, 1, 5, 2, 5, 3, 6, 3, 1]EQ WITH: [6, 1, 3, 2, 3, 5, 4, 5, 1]
FROM LIST: [4, 1, 5, 2, 5, 3, 6, 3, 1]EQ WITH: [4, 5, 1, 6, 1, 3, 2, 3, 5]
FROM LIST: [4, 1, 5, 2, 5, 3, 6, 3, 1]EQ WITH: [2, 3, 5, 4, 5, 1, 6, 1, 3]
FROM LIST: [4, 2, 3, 5, 3, 1, 6, 1, 2]EQ WITH: [6, 1, 3, 2, 3, 5, 4, 5, 1]
FROM LIST: [4, 2, 3, 5, 3, 1, 6, 1, 2]EQ WITH: [4, 5, 1, 6, 1, 3, 2, 3, 5]
FROM LIST: [4, 2, 3, 5, 3, 1, 6, 1, 2]EQ WITH: [2, 3, 5, 4, 5, 1, 6, 1, 3]
FROM LIST: [2, 3, 5, 4, 5, 1, 6, 1, 3]EQ WITH: [6, 1, 3, 2, 3, 5, 4, 5, 1]
FROM LIST: [2, 3, 5, 4, 5, 1, 6, 1, 3]EQ WITH: [4, 5, 1, 6, 1, 3, 2, 3, 5]
FROM LIST: [2, 3, 5, 4, 5, 1, 6, 1, 3]EQ WITH: [2, 3, 5, 4, 5, 1, 6, 1, 3]
FROM LIST: [1, 4, 6, 3, 6, 2, 5, 2, 4]EQ WITH: [6, 1, 3, 2, 3, 5, 4, 5, 1]
FROM LIST: [1, 4, 6, 3, 6, 2, 5, 2, 4]EQ WITH: [4, 5, 1, 6, 1, 3, 2, 3, 5]
FROM LIST: [1, 4, 6, 3, 6, 2, 5, 2, 4]EQ WITH: [2, 3, 5, 4, 5, 1, 6, 1, 3]
FROM LIST: [3, 2, 6, 1, 6, 4, 5, 4, 2]EQ WITH: [6, 1, 3, 2, 3, 5, 4, 5, 1]
FROM LIST: [3, 2, 6, 1, 6, 4, 5, 4, 2]EQ WITH: [4, 5, 1, 6, 1, 3, 2, 3, 5]
FROM LIST: [3, 2, 6, 1, 6, 4, 5, 4, 2]EQ WITH: [2, 3, 5, 4, 5, 1, 6, 1, 3]
FROM LIST: [3, 4, 5, 1, 5, 6, 2, 6, 4]EQ WITH: [6, 1, 3, 2, 3, 5, 4, 5, 1]
FROM LIST: [3, 4, 5, 1, 5, 6, 2, 6, 4]EQ WITH: [4, 5, 1, 6, 1, 3, 2, 3, 5]
FROM LIST: [3, 4, 5, 1, 5, 6, 2, 6, 4]EQ WITH: [2, 3, 5, 4, 5, 1, 6, 1, 3]
FROM LIST: [1, 6, 5, 3, 5, 4, 2, 4, 6]EQ WITH: [6, 1, 3, 2, 3, 5, 4, 5, 1]
FROM LIST: [1, 6, 5, 3, 5, 4, 2, 4, 6]EQ WITH: [4, 5, 1, 6, 1, 3, 2, 3, 5]
FROM LIST: [1, 6, 5, 3, 5, 4, 2, 4, 6]EQ WITH: [2, 3, 5, 4, 5, 1, 6, 1, 3]
INSPECT: 5,3,1; 6,1,2; 4,2,3; 

FROM LIST: [5, 1, 3, 4, 3, 2, 6, 2, 1]EQ WITH: [5, 3, 1, 6, 1, 2, 4, 2, 3]
FROM LIST: [5, 1, 3, 4, 3, 2, 6, 2, 1]EQ WITH: [4, 2, 3, 5, 3, 1, 6, 1, 2]
FROM LIST: [5, 1, 3, 4, 3, 2, 6, 2, 1]EQ WITH: [6, 1, 2, 4, 2, 3, 5, 3, 1]
FROM LIST: [4, 1, 5, 2, 5, 3, 6, 3, 1]EQ WITH: [5, 3, 1, 6, 1, 2, 4, 2, 3]
FROM LIST: [4, 1, 5, 2, 5, 3, 6, 3, 1]EQ WITH: [4, 2, 3, 5, 3, 1, 6, 1, 2]
FROM LIST: [4, 1, 5, 2, 5, 3, 6, 3, 1]EQ WITH: [6, 1, 2, 4, 2, 3, 5, 3, 1]
FROM LIST: [4, 2, 3, 5, 3, 1, 6, 1, 2]EQ WITH: [5, 3, 1, 6, 1, 2, 4, 2, 3]
FROM LIST: [4, 2, 3, 5, 3, 1, 6, 1, 2]EQ WITH: [4, 2, 3, 5, 3, 1, 6, 1, 2]
FROM LIST: [4, 2, 3, 5, 3, 1, 6, 1, 2]EQ WITH: [6, 1, 2, 4, 2, 3, 5, 3, 1]
FROM LIST: [2, 3, 5, 4, 5, 1, 6, 1, 3]EQ WITH: [5, 3, 1, 6, 1, 2, 4, 2, 3]
FROM LIST: [2, 3, 5, 4, 5, 1, 6, 1, 3]EQ WITH: [4, 2, 3, 5, 3, 1, 6, 1, 2]
FROM LIST: [2, 3, 5, 4, 5, 1, 6, 1, 3]EQ WITH: [6, 1, 2, 4, 2, 3, 5, 3, 1]
FROM LIST: [1, 4, 6, 3, 6, 2, 5, 2, 4]EQ WITH: [5, 3, 1, 6, 1, 2, 4, 2, 3]
FROM LIST: [1, 4, 6, 3, 6, 2, 5, 2, 4]EQ WITH: [4, 2, 3, 5, 3, 1, 6, 1, 2]
FROM LIST: [1, 4, 6, 3, 6, 2, 5, 2, 4]EQ WITH: [6, 1, 2, 4, 2, 3, 5, 3, 1]
FROM LIST: [3, 2, 6, 1, 6, 4, 5, 4, 2]EQ WITH: [5, 3, 1, 6, 1, 2, 4, 2, 3]
FROM LIST: [3, 2, 6, 1, 6, 4, 5, 4, 2]EQ WITH: [4, 2, 3, 5, 3, 1, 6, 1, 2]
FROM LIST: [3, 2, 6, 1, 6, 4, 5, 4, 2]EQ WITH: [6, 1, 2, 4, 2, 3, 5, 3, 1]
FROM LIST: [3, 4, 5, 1, 5, 6, 2, 6, 4]EQ WITH: [5, 3, 1, 6, 1, 2, 4, 2, 3]
FROM LIST: [3, 4, 5, 1, 5, 6, 2, 6, 4]EQ WITH: [4, 2, 3, 5, 3, 1, 6, 1, 2]
FROM LIST: [3, 4, 5, 1, 5, 6, 2, 6, 4]EQ WITH: [6, 1, 2, 4, 2, 3, 5, 3, 1]
FROM LIST: [1, 6, 5, 3, 5, 4, 2, 4, 6]EQ WITH: [5, 3, 1, 6, 1, 2, 4, 2, 3]
FROM LIST: [1, 6, 5, 3, 5, 4, 2, 4, 6]EQ WITH: [4, 2, 3, 5, 3, 1, 6, 1, 2]
FROM LIST: [1, 6, 5, 3, 5, 4, 2, 4, 6]EQ WITH: [6, 1, 2, 4, 2, 3, 5, 3, 1]
INSPECT: 6,2,1; 5,1,3; 4,3,2; 

FROM LIST: [5, 1, 3, 4, 3, 2, 6, 2, 1]EQ WITH: [6, 2, 1, 5, 1, 3, 4, 3, 2]
FROM LIST: [5, 1, 3, 4, 3, 2, 6, 2, 1]EQ WITH: [4, 3, 2, 6, 2, 1, 5, 1, 3]
FROM LIST: [5, 1, 3, 4, 3, 2, 6, 2, 1]EQ WITH: [5, 1, 3, 4, 3, 2, 6, 2, 1]
FROM LIST: [4, 1, 5, 2, 5, 3, 6, 3, 1]EQ WITH: [6, 2, 1, 5, 1, 3, 4, 3, 2]
FROM LIST: [4, 1, 5, 2, 5, 3, 6, 3, 1]EQ WITH: [4, 3, 2, 6, 2, 1, 5, 1, 3]
FROM LIST: [4, 1, 5, 2, 5, 3, 6, 3, 1]EQ WITH: [5, 1, 3, 4, 3, 2, 6, 2, 1]
FROM LIST: [4, 2, 3, 5, 3, 1, 6, 1, 2]EQ WITH: [6, 2, 1, 5, 1, 3, 4, 3, 2]
FROM LIST: [4, 2, 3, 5, 3, 1, 6, 1, 2]EQ WITH: [4, 3, 2, 6, 2, 1, 5, 1, 3]
FROM LIST: [4, 2, 3, 5, 3, 1, 6, 1, 2]EQ WITH: [5, 1, 3, 4, 3, 2, 6, 2, 1]
FROM LIST: [2, 3, 5, 4, 5, 1, 6, 1, 3]EQ WITH: [6, 2, 1, 5, 1, 3, 4, 3, 2]
FROM LIST: [2, 3, 5, 4, 5, 1, 6, 1, 3]EQ WITH: [4, 3, 2, 6, 2, 1, 5, 1, 3]
FROM LIST: [2, 3, 5, 4, 5, 1, 6, 1, 3]EQ WITH: [5, 1, 3, 4, 3, 2, 6, 2, 1]
FROM LIST: [1, 4, 6, 3, 6, 2, 5, 2, 4]EQ WITH: [6, 2, 1, 5, 1, 3, 4, 3, 2]
FROM LIST: [1, 4, 6, 3, 6, 2, 5, 2, 4]EQ WITH: [4, 3, 2, 6, 2, 1, 5, 1, 3]
FROM LIST: [1, 4, 6, 3, 6, 2, 5, 2, 4]EQ WITH: [5, 1, 3, 4, 3, 2, 6, 2, 1]
FROM LIST: [3, 2, 6, 1, 6, 4, 5, 4, 2]EQ WITH: [6, 2, 1, 5, 1, 3, 4, 3, 2]
FROM LIST: [3, 2, 6, 1, 6, 4, 5, 4, 2]EQ WITH: [4, 3, 2, 6, 2, 1, 5, 1, 3]
FROM LIST: [3, 2, 6, 1, 6, 4, 5, 4, 2]EQ WITH: [5, 1, 3, 4, 3, 2, 6, 2, 1]
FROM LIST: [3, 4, 5, 1, 5, 6, 2, 6, 4]EQ WITH: [6, 2, 1, 5, 1, 3, 4, 3, 2]
FROM LIST: [3, 4, 5, 1, 5, 6, 2, 6, 4]EQ WITH: [4, 3, 2, 6, 2, 1, 5, 1, 3]
FROM LIST: [3, 4, 5, 1, 5, 6, 2, 6, 4]EQ WITH: [5, 1, 3, 4, 3, 2, 6, 2, 1]
FROM LIST: [1, 6, 5, 3, 5, 4, 2, 4, 6]EQ WITH: [6, 2, 1, 5, 1, 3, 4, 3, 2]
FROM LIST: [1, 6, 5, 3, 5, 4, 2, 4, 6]EQ WITH: [4, 3, 2, 6, 2, 1, 5, 1, 3]
FROM LIST: [1, 6, 5, 3, 5, 4, 2, 4, 6]EQ WITH: [5, 1, 3, 4, 3, 2, 6, 2, 1]
INSPECT: 2,5,3; 6,3,1; 4,1,5; 

FROM LIST: [5, 1, 3, 4, 3, 2, 6, 2, 1]EQ WITH: [2, 5, 3, 6, 3, 1, 4, 1, 5]
FROM LIST: [5, 1, 3, 4, 3, 2, 6, 2, 1]EQ WITH: [4, 1, 5, 2, 5, 3, 6, 3, 1]
FROM LIST: [5, 1, 3, 4, 3, 2, 6, 2, 1]EQ WITH: [6, 3, 1, 4, 1, 5, 2, 5, 3]
FROM LIST: [4, 1, 5, 2, 5, 3, 6, 3, 1]EQ WITH: [2, 5, 3, 6, 3, 1, 4, 1, 5]
FROM LIST: [4, 1, 5, 2, 5, 3, 6, 3, 1]EQ WITH: [4, 1, 5, 2, 5, 3, 6, 3, 1]
FROM LIST: [4, 1, 5, 2, 5, 3, 6, 3, 1]EQ WITH: [6, 3, 1, 4, 1, 5, 2, 5, 3]
FROM LIST: [4, 2, 3, 5, 3, 1, 6, 1, 2]EQ WITH: [2, 5, 3, 6, 3, 1, 4, 1, 5]
FROM LIST: [4, 2, 3, 5, 3, 1, 6, 1, 2]EQ WITH: [4, 1, 5, 2, 5, 3, 6, 3, 1]
FROM LIST: [4, 2, 3, 5, 3, 1, 6, 1, 2]EQ WITH: [6, 3, 1, 4, 1, 5, 2, 5, 3]
FROM LIST: [2, 3, 5, 4, 5, 1, 6, 1, 3]EQ WITH: [2, 5, 3, 6, 3, 1, 4, 1, 5]
FROM LIST: [2, 3, 5, 4, 5, 1, 6, 1, 3]EQ WITH: [4, 1, 5, 2, 5, 3, 6, 3, 1]
FROM LIST: [2, 3, 5, 4, 5, 1, 6, 1, 3]EQ WITH: [6, 3, 1, 4, 1, 5, 2, 5, 3]
FROM LIST: [1, 4, 6, 3, 6, 2, 5, 2, 4]EQ WITH: [2, 5, 3, 6, 3, 1, 4, 1, 5]
FROM LIST: [1, 4, 6, 3, 6, 2, 5, 2, 4]EQ WITH: [4, 1, 5, 2, 5, 3, 6, 3, 1]
FROM LIST: [1, 4, 6, 3, 6, 2, 5, 2, 4]EQ WITH: [6, 3, 1, 4, 1, 5, 2, 5, 3]
FROM LIST: [3, 2, 6, 1, 6, 4, 5, 4, 2]EQ WITH: [2, 5, 3, 6, 3, 1, 4, 1, 5]
FROM LIST: [3, 2, 6, 1, 6, 4, 5, 4, 2]EQ WITH: [4, 1, 5, 2, 5, 3, 6, 3, 1]
FROM LIST: [3, 2, 6, 1, 6, 4, 5, 4, 2]EQ WITH: [6, 3, 1, 4, 1, 5, 2, 5, 3]
FROM LIST: [3, 4, 5, 1, 5, 6, 2, 6, 4]EQ WITH: [2, 5, 3, 6, 3, 1, 4, 1, 5]
FROM LIST: [3, 4, 5, 1, 5, 6, 2, 6, 4]EQ WITH: [4, 1, 5, 2, 5, 3, 6, 3, 1]
FROM LIST: [3, 4, 5, 1, 5, 6, 2, 6, 4]EQ WITH: [6, 3, 1, 4, 1, 5, 2, 5, 3]
FROM LIST: [1, 6, 5, 3, 5, 4, 2, 4, 6]EQ WITH: [2, 5, 3, 6, 3, 1, 4, 1, 5]
FROM LIST: [1, 6, 5, 3, 5, 4, 2, 4, 6]EQ WITH: [4, 1, 5, 2, 5, 3, 6, 3, 1]
FROM LIST: [1, 6, 5, 3, 5, 4, 2, 4, 6]EQ WITH: [6, 3, 1, 4, 1, 5, 2, 5, 3]
INSPECT: 3,6,2; 5,2,4; 1,4,6; 

FROM LIST: [5, 1, 3, 4, 3, 2, 6, 2, 1]EQ WITH: [3, 6, 2, 5, 2, 4, 1, 4, 6]
FROM LIST: [5, 1, 3, 4, 3, 2, 6, 2, 1]EQ WITH: [1, 4, 6, 3, 6, 2, 5, 2, 4]
FROM LIST: [5, 1, 3, 4, 3, 2, 6, 2, 1]EQ WITH: [5, 2, 4, 1, 4, 6, 3, 6, 2]
FROM LIST: [4, 1, 5, 2, 5, 3, 6, 3, 1]EQ WITH: [3, 6, 2, 5, 2, 4, 1, 4, 6]
FROM LIST: [4, 1, 5, 2, 5, 3, 6, 3, 1]EQ WITH: [1, 4, 6, 3, 6, 2, 5, 2, 4]
FROM LIST: [4, 1, 5, 2, 5, 3, 6, 3, 1]EQ WITH: [5, 2, 4, 1, 4, 6, 3, 6, 2]
FROM LIST: [4, 2, 3, 5, 3, 1, 6, 1, 2]EQ WITH: [3, 6, 2, 5, 2, 4, 1, 4, 6]
FROM LIST: [4, 2, 3, 5, 3, 1, 6, 1, 2]EQ WITH: [1, 4, 6, 3, 6, 2, 5, 2, 4]
FROM LIST: [4, 2, 3, 5, 3, 1, 6, 1, 2]EQ WITH: [5, 2, 4, 1, 4, 6, 3, 6, 2]
FROM LIST: [2, 3, 5, 4, 5, 1, 6, 1, 3]EQ WITH: [3, 6, 2, 5, 2, 4, 1, 4, 6]
FROM LIST: [2, 3, 5, 4, 5, 1, 6, 1, 3]EQ WITH: [1, 4, 6, 3, 6, 2, 5, 2, 4]
FROM LIST: [2, 3, 5, 4, 5, 1, 6, 1, 3]EQ WITH: [5, 2, 4, 1, 4, 6, 3, 6, 2]
FROM LIST: [1, 4, 6, 3, 6, 2, 5, 2, 4]EQ WITH: [3, 6, 2, 5, 2, 4, 1, 4, 6]
FROM LIST: [1, 4, 6, 3, 6, 2, 5, 2, 4]EQ WITH: [1, 4, 6, 3, 6, 2, 5, 2, 4]
FROM LIST: [1, 4, 6, 3, 6, 2, 5, 2, 4]EQ WITH: [5, 2, 4, 1, 4, 6, 3, 6, 2]
FROM LIST: [3, 2, 6, 1, 6, 4, 5, 4, 2]EQ WITH: [3, 6, 2, 5, 2, 4, 1, 4, 6]
FROM LIST: [3, 2, 6, 1, 6, 4, 5, 4, 2]EQ WITH: [1, 4, 6, 3, 6, 2, 5, 2, 4]
FROM LIST: [3, 2, 6, 1, 6, 4, 5, 4, 2]EQ WITH: [5, 2, 4, 1, 4, 6, 3, 6, 2]
FROM LIST: [3, 4, 5, 1, 5, 6, 2, 6, 4]EQ WITH: [3, 6, 2, 5, 2, 4, 1, 4, 6]
FROM LIST: [3, 4, 5, 1, 5, 6, 2, 6, 4]EQ WITH: [1, 4, 6, 3, 6, 2, 5, 2, 4]
FROM LIST: [3, 4, 5, 1, 5, 6, 2, 6, 4]EQ WITH: [5, 2, 4, 1, 4, 6, 3, 6, 2]
FROM LIST: [1, 6, 5, 3, 5, 4, 2, 4, 6]EQ WITH: [3, 6, 2, 5, 2, 4, 1, 4, 6]
FROM LIST: [1, 6, 5, 3, 5, 4, 2, 4, 6]EQ WITH: [1, 4, 6, 3, 6, 2, 5, 2, 4]
FROM LIST: [1, 6, 5, 3, 5, 4, 2, 4, 6]EQ WITH: [5, 2, 4, 1, 4, 6, 3, 6, 2]
INSPECT: 2,6,4; 3,4,5; 1,5,6; 

FROM LIST: [5, 1, 3, 4, 3, 2, 6, 2, 1]EQ WITH: [2, 6, 4, 3, 4, 5, 1, 5, 6]
FROM LIST: [5, 1, 3, 4, 3, 2, 6, 2, 1]EQ WITH: [1, 5, 6, 2, 6, 4, 3, 4, 5]
FROM LIST: [5, 1, 3, 4, 3, 2, 6, 2, 1]EQ WITH: [3, 4, 5, 1, 5, 6, 2, 6, 4]
FROM LIST: [4, 1, 5, 2, 5, 3, 6, 3, 1]EQ WITH: [2, 6, 4, 3, 4, 5, 1, 5, 6]
FROM LIST: [4, 1, 5, 2, 5, 3, 6, 3, 1]EQ WITH: [1, 5, 6, 2, 6, 4, 3, 4, 5]
FROM LIST: [4, 1, 5, 2, 5, 3, 6, 3, 1]EQ WITH: [3, 4, 5, 1, 5, 6, 2, 6, 4]
FROM LIST: [4, 2, 3, 5, 3, 1, 6, 1, 2]EQ WITH: [2, 6, 4, 3, 4, 5, 1, 5, 6]
FROM LIST: [4, 2, 3, 5, 3, 1, 6, 1, 2]EQ WITH: [1, 5, 6, 2, 6, 4, 3, 4, 5]
FROM LIST: [4, 2, 3, 5, 3, 1, 6, 1, 2]EQ WITH: [3, 4, 5, 1, 5, 6, 2, 6, 4]
FROM LIST: [2, 3, 5, 4, 5, 1, 6, 1, 3]EQ WITH: [2, 6, 4, 3, 4, 5, 1, 5, 6]
FROM LIST: [2, 3, 5, 4, 5, 1, 6, 1, 3]EQ WITH: [1, 5, 6, 2, 6, 4, 3, 4, 5]
FROM LIST: [2, 3, 5, 4, 5, 1, 6, 1, 3]EQ WITH: [3, 4, 5, 1, 5, 6, 2, 6, 4]
FROM LIST: [1, 4, 6, 3, 6, 2, 5, 2, 4]EQ WITH: [2, 6, 4, 3, 4, 5, 1, 5, 6]
FROM LIST: [1, 4, 6, 3, 6, 2, 5, 2, 4]EQ WITH: [1, 5, 6, 2, 6, 4, 3, 4, 5]
FROM LIST: [1, 4, 6, 3, 6, 2, 5, 2, 4]EQ WITH: [3, 4, 5, 1, 5, 6, 2, 6, 4]
FROM LIST: [3, 2, 6, 1, 6, 4, 5, 4, 2]EQ WITH: [2, 6, 4, 3, 4, 5, 1, 5, 6]
FROM LIST: [3, 2, 6, 1, 6, 4, 5, 4, 2]EQ WITH: [1, 5, 6, 2, 6, 4, 3, 4, 5]
FROM LIST: [3, 2, 6, 1, 6, 4, 5, 4, 2]EQ WITH: [3, 4, 5, 1, 5, 6, 2, 6, 4]
FROM LIST: [3, 4, 5, 1, 5, 6, 2, 6, 4]EQ WITH: [2, 6, 4, 3, 4, 5, 1, 5, 6]
FROM LIST: [3, 4, 5, 1, 5, 6, 2, 6, 4]EQ WITH: [1, 5, 6, 2, 6, 4, 3, 4, 5]
FROM LIST: [3, 4, 5, 1, 5, 6, 2, 6, 4]EQ WITH: [3, 4, 5, 1, 5, 6, 2, 6, 4]
FROM LIST: [1, 6, 5, 3, 5, 4, 2, 4, 6]EQ WITH: [2, 6, 4, 3, 4, 5, 1, 5, 6]
FROM LIST: [1, 6, 5, 3, 5, 4, 2, 4, 6]EQ WITH: [1, 5, 6, 2, 6, 4, 3, 4, 5]
FROM LIST: [1, 6, 5, 3, 5, 4, 2, 4, 6]EQ WITH: [3, 4, 5, 1, 5, 6, 2, 6, 4]
INSPECT: 3,5,4; 2,4,6; 1,6,5; 

FROM LIST: [5, 1, 3, 4, 3, 2, 6, 2, 1]EQ WITH: [3, 5, 4, 2, 4, 6, 1, 6, 5]
FROM LIST: [5, 1, 3, 4, 3, 2, 6, 2, 1]EQ WITH: [1, 6, 5, 3, 5, 4, 2, 4, 6]
FROM LIST: [5, 1, 3, 4, 3, 2, 6, 2, 1]EQ WITH: [2, 4, 6, 1, 6, 5, 3, 5, 4]
FROM LIST: [4, 1, 5, 2, 5, 3, 6, 3, 1]EQ WITH: [3, 5, 4, 2, 4, 6, 1, 6, 5]
FROM LIST: [4, 1, 5, 2, 5, 3, 6, 3, 1]EQ WITH: [1, 6, 5, 3, 5, 4, 2, 4, 6]
FROM LIST: [4, 1, 5, 2, 5, 3, 6, 3, 1]EQ WITH: [2, 4, 6, 1, 6, 5, 3, 5, 4]
FROM LIST: [4, 2, 3, 5, 3, 1, 6, 1, 2]EQ WITH: [3, 5, 4, 2, 4, 6, 1, 6, 5]
FROM LIST: [4, 2, 3, 5, 3, 1, 6, 1, 2]EQ WITH: [1, 6, 5, 3, 5, 4, 2, 4, 6]
FROM LIST: [4, 2, 3, 5, 3, 1, 6, 1, 2]EQ WITH: [2, 4, 6, 1, 6, 5, 3, 5, 4]
FROM LIST: [2, 3, 5, 4, 5, 1, 6, 1, 3]EQ WITH: [3, 5, 4, 2, 4, 6, 1, 6, 5]
FROM LIST: [2, 3, 5, 4, 5, 1, 6, 1, 3]EQ WITH: [1, 6, 5, 3, 5, 4, 2, 4, 6]
FROM LIST: [2, 3, 5, 4, 5, 1, 6, 1, 3]EQ WITH: [2, 4, 6, 1, 6, 5, 3, 5, 4]
FROM LIST: [1, 4, 6, 3, 6, 2, 5, 2, 4]EQ WITH: [3, 5, 4, 2, 4, 6, 1, 6, 5]
FROM LIST: [1, 4, 6, 3, 6, 2, 5, 2, 4]EQ WITH: [1, 6, 5, 3, 5, 4, 2, 4, 6]
FROM LIST: [1, 4, 6, 3, 6, 2, 5, 2, 4]EQ WITH: [2, 4, 6, 1, 6, 5, 3, 5, 4]
FROM LIST: [3, 2, 6, 1, 6, 4, 5, 4, 2]EQ WITH: [3, 5, 4, 2, 4, 6, 1, 6, 5]
FROM LIST: [3, 2, 6, 1, 6, 4, 5, 4, 2]EQ WITH: [1, 6, 5, 3, 5, 4, 2, 4, 6]
FROM LIST: [3, 2, 6, 1, 6, 4, 5, 4, 2]EQ WITH: [2, 4, 6, 1, 6, 5, 3, 5, 4]
FROM LIST: [3, 4, 5, 1, 5, 6, 2, 6, 4]EQ WITH: [3, 5, 4, 2, 4, 6, 1, 6, 5]
FROM LIST: [3, 4, 5, 1, 5, 6, 2, 6, 4]EQ WITH: [1, 6, 5, 3, 5, 4, 2, 4, 6]
FROM LIST: [3, 4, 5, 1, 5, 6, 2, 6, 4]EQ WITH: [2, 4, 6, 1, 6, 5, 3, 5, 4]
FROM LIST: [1, 6, 5, 3, 5, 4, 2, 4, 6]EQ WITH: [3, 5, 4, 2, 4, 6, 1, 6, 5]
FROM LIST: [1, 6, 5, 3, 5, 4, 2, 4, 6]EQ WITH: [1, 6, 5, 3, 5, 4, 2, 4, 6]
FROM LIST: [1, 6, 5, 3, 5, 4, 2, 4, 6]EQ WITH: [2, 4, 6, 1, 6, 5, 3, 5, 4]
INSPECT: 5,4,2; 3,2,6; 1,6,4; 

FROM LIST: [5, 1, 3, 4, 3, 2, 6, 2, 1]EQ WITH: [5, 4, 2, 3, 2, 6, 1, 6, 4]
FROM LIST: [5, 1, 3, 4, 3, 2, 6, 2, 1]EQ WITH: [1, 6, 4, 5, 4, 2, 3, 2, 6]
FROM LIST: [5, 1, 3, 4, 3, 2, 6, 2, 1]EQ WITH: [3, 2, 6, 1, 6, 4, 5, 4, 2]
FROM LIST: [4, 1, 5, 2, 5, 3, 6, 3, 1]EQ WITH: [5, 4, 2, 3, 2, 6, 1, 6, 4]
FROM LIST: [4, 1, 5, 2, 5, 3, 6, 3, 1]EQ WITH: [1, 6, 4, 5, 4, 2, 3, 2, 6]
FROM LIST: [4, 1, 5, 2, 5, 3, 6, 3, 1]EQ WITH: [3, 2, 6, 1, 6, 4, 5, 4, 2]
FROM LIST: [4, 2, 3, 5, 3, 1, 6, 1, 2]EQ WITH: [5, 4, 2, 3, 2, 6, 1, 6, 4]
FROM LIST: [4, 2, 3, 5, 3, 1, 6, 1, 2]EQ WITH: [1, 6, 4, 5, 4, 2, 3, 2, 6]
FROM LIST: [4, 2, 3, 5, 3, 1, 6, 1, 2]EQ WITH: [3, 2, 6, 1, 6, 4, 5, 4, 2]
FROM LIST: [2, 3, 5, 4, 5, 1, 6, 1, 3]EQ WITH: [5, 4, 2, 3, 2, 6, 1, 6, 4]
FROM LIST: [2, 3, 5, 4, 5, 1, 6, 1, 3]EQ WITH: [1, 6, 4, 5, 4, 2, 3, 2, 6]
FROM LIST: [2, 3, 5, 4, 5, 1, 6, 1, 3]EQ WITH: [3, 2, 6, 1, 6, 4, 5, 4, 2]
FROM LIST: [1, 4, 6, 3, 6, 2, 5, 2, 4]EQ WITH: [5, 4, 2, 3, 2, 6, 1, 6, 4]
FROM LIST: [1, 4, 6, 3, 6, 2, 5, 2, 4]EQ WITH: [1, 6, 4, 5, 4, 2, 3, 2, 6]
FROM LIST: [1, 4, 6, 3, 6, 2, 5, 2, 4]EQ WITH: [3, 2, 6, 1, 6, 4, 5, 4, 2]
FROM LIST: [3, 2, 6, 1, 6, 4, 5, 4, 2]EQ WITH: [5, 4, 2, 3, 2, 6, 1, 6, 4]
FROM LIST: [3, 2, 6, 1, 6, 4, 5, 4, 2]EQ WITH: [1, 6, 4, 5, 4, 2, 3, 2, 6]
FROM LIST: [3, 2, 6, 1, 6, 4, 5, 4, 2]EQ WITH: [3, 2, 6, 1, 6, 4, 5, 4, 2]
FROM LIST: [3, 4, 5, 1, 5, 6, 2, 6, 4]EQ WITH: [5, 4, 2, 3, 2, 6, 1, 6, 4]
FROM LIST: [3, 4, 5, 1, 5, 6, 2, 6, 4]EQ WITH: [1, 6, 4, 5, 4, 2, 3, 2, 6]
FROM LIST: [3, 4, 5, 1, 5, 6, 2, 6, 4]EQ WITH: [3, 2, 6, 1, 6, 4, 5, 4, 2]
FROM LIST: [1, 6, 5, 3, 5, 4, 2, 4, 6]EQ WITH: [5, 4, 2, 3, 2, 6, 1, 6, 4]
FROM LIST: [1, 6, 5, 3, 5, 4, 2, 4, 6]EQ WITH: [1, 6, 4, 5, 4, 2, 3, 2, 6]
FROM LIST: [1, 6, 5, 3, 5, 4, 2, 4, 6]EQ WITH: [3, 2, 6, 1, 6, 4, 5, 4, 2]
